1477 1404 1826
664 662 821
1640 1638 1611
608 606 712
1250 1193 1262
104 102 106
2306 1846 2568
812 784 685
374 372 402
1052 515 1183
996 969 1234
1574 1572 1758
1250 1167 1485
1396 1394 1616
1052 515 1209
418 232 184
418 232 189
418 416 169
572 570 485
1588 1493 1792
1108 1106 675
2564 2532 925
418 325 147
572 570 483
2306 1846 2506
812 784 673
1250 1167 1502
6222 6111 6970
0 0 0
1477 1404 1826
664 662 821
1640 1638 1611
608 606 712
1250 1193 1262
104 102 106
2306 1846 2568
812 784 685
374 372 402
1052 515 1183
996 969 1234
1574 1572 1758
1250 1167 1485
1396 1394 1616
1052 515 1209
418 232 184
418 232 189
418 416 169
572 570 485
1588 1493 1792
1108 1106 675
2564 2532 925
418 325 147
572 570 483
2306 1846 2506
812 784 673
1250 1167 1502
6222 6111 6970
0 0 0
1477 1404 1826
664 662 821
1640 1638 1611
608 606 712
1250 1193 1262
104 102 106
2306 1846 2568
812 784 685
374 372 402
1052 515 1183
996 969 1234
1574 1572 1758
1250 1167 1485
1396 1394 1616
1052 515 1209
418 232 184
418 232 189
418 416 169
572 570 485
1588 1493 1792
1108 1106 675
2564 2532 925
418 325 147
572 570 483
2306 1846 2506
812 784 673
1250 1167 1502
6222 6111 6970
0 0 0
1477 1404 1826
664 662 821
1640 1638 1611
608 606 712
1250 1193 1262
104 102 106
2306 1846 2568
812 784 685
374 372 402
1052 515 1183
996 969 1234
1574 1572 1758
1250 1167 1485
1396 1394 1616
1052 515 1209
418 232 184
418 232 189
418 416 169
572 570 485
1588 1493 1792
1108 1106 675
2564 2532 925
418 325 147
572 570 483
2306 1846 2506
812 784 673
1250 1167 1502
6222 6111 6970
0 0 0
29
29
29
29
29
29
29
29
29
29
29
29
29
29
29
29
29
29
29
29
29
29
29
29
29
29
29
29
29
29
29
29
29
29
29
29
29
29
29
29
29
29
29
29
29
29
29
29
29
29
29
29
29
29
29
29
29
29
29
29
29
29
29
29
29
29
29
29
29
29
29
29
29
29
29
29
29
29
29
29
29
29
29
29
29
29
29
29
29
29
29
29
29
29
29
29
29
29
29
29
29
29
29
29
29
29
29
29
29
29
29
29
29
29
29
29
29
29
29
29
29
29
29
29
29
29
29
29
29
29
29
29
29
29
29
29
29
29
29
29
29
29
29
29
29
29
29
29
29
29
29
29
29
29
29
29
29
29
29
29
29
29
29
29
29
29
29
29
29
29
29
29
29
29
29
29
29
29
29
29
29
29
29
29
29
29
29
29
29
29
29
29
29
29
29
29
29
29
29
29
29
29
29
29
29
29
29
29
29
29
29
29
29
29
29
29
29
29
29
29
29
29
29
29
29
29
29
29
29
29
29
29
29
29
29
29
29
29
29
29
29
29
29
29
29
29
29
29
29
29
29
29
29
29
29
29
29
29
29
29
29
29
29
29
29
29
29
29
29
29
29
29
29
29
29
29
29
29
29
29
29
29
29
29
29
29
29
29
29
29
29
29
29
29
29
29
29
29
29
29
29
29
29
29
29
29
29
29
29
29
29
29
29
29
29
29
29
29
29
29
29
29
29
29
29
29
29
29
29
29
29
29
29
29
29
29
29
29
29
29
29
29
29
29
29
29
29
29
29
29
29
29
29
29
29
29
29
29
29
29
29
29
29
29
29
29
29
29
29
29
29
29
29
29
29
29
29
29
29
29
29
29
29
29
29
29
29
29
29
29
29
29
29
29
29
29
29
29
29
29
29
29
29
29
29
29
29
29
29
29
29
29
29
29
29
29
29
29
29
29
29
29
29
29
29
29
29
29
29
29
29
29
29
29
29
29
29
29
29
29
29
29
29
29
29
29
29
29
29
29
29
29
29
29
29
29
29
29
29
29
29
29
29
29
29
29
29
29
29
29
29
29
29
29
29
29
29
29
29
29
29
29
29
29
29
29
29
29
29
29
29
29
29
29
29
29
29
29
29
29
29
29
29
29
29
29
29
29
29
29
29
29
29
29
29
29
29
29
29
29
29
29
29
29
29
29
29
29
29
29
29
29
29
29
29
29
29
29
29
29
29
29
29
29
29
29
29
29
29
29
29
29
29
29
29
29
29
29
29
29
29
29
29
29
29
29
29
29
29
29
29
29
29
29
29
29
29
29
29
29
29
29
29
29
29
29
29
29
29
29
29
29
29
29
29
29
29
29
29
29
29
29
29
29
29
29
29
29
29
29
29
29
29
29
29
29
29
29
29
29
29
29
29
29
29
29
29
29
29
29
29
29
29
29
29
29
29
29
29
29
29
29
29
29
29
29
29
29
29
29
29
29
29
29
29
29
29
29
29
29
29
29
29
29
29
29
29
29
29
29
29
29
29
29
29
29
29
29
29
29
29
29
29
29
29
29
29
29
29
29
29
29
29
29
29
29
29
29
29
29
29
29
29
29
29
29
29
29
29
29
29
29
29
29
29
29
29
29
29
29
29
29
29
29
29
29
29
29
29
29
29
29
29
29
29
29
29
29
29
29
